Boys
 457  
 484  
 487  
 489  
 539  
 543  
 639
 645  
 649  
 651  
 656  
 710  
 715  
 719
 736  
 743  
 753  
 761  
 764  
 774  
 779
 790  
 796  
 846  
 850  
 877  
 883  
 884
 899  
 921  
 926  
 930  
 947  
 959  
 980
 991 
1025 
1057 
1059 
1079 
1081 
1087
1104 
1109 
1110 
1118 
1118 
1132 
1153
1154 
1155 
1164 
1168 
1181 
1182 
1187
1203 
1212 
1231 
1234 
1235 
1281 
1297
1320 
1322 
1326 
1353 
1382 
1414 
1415
1417 
1425 
1445 
1459 
1479 
1484 
1511
1569 
1577 
1597 
1601 
1641 
1660 
1670
1685 
1695 
1715 
1769 
1781 
1786 
1831
1843 
1928 
1986 
2039 
2070 
2107 
2223
2296 
2313 
2364 
2419 
2480 
2575 
2697
2710 
2925 
3362