Girls
  91 
 316 
 362  
 431 
 469 
 489 
 499
 504 
 505 
 509 
 519 
 538 
 548 
 553
 557 
 575 
 580 
 583 
 583 
 586 
 601
 609 
 609 
 613 
 623 
 648 
 669 
 674
 693 
 697 
 697 
 704 
 715 
 721 
 725
 727 
 729 
 736 
 738 
 752 
 755 
 760
 764 
 769 
 772 
 776 
 782 
 784 
 790
 803 
 809 
 815 
 816 
 826 
 844 
 847
 857 
 877 
 880 
 887 
 901 
 911 
 912
 929 
 929 
 929 
 947 
 952 
 953 
 967
 970 
 972 
 973 
 981 
 984 
 998 
1031
1043 
1055 
1056 
1077 
1079 
1086 
1089
1089 
1097 
1107 
1121 
1125 
1146 
1166
1195 
1245 
1280 
1310 
1312 
1338 
1383
1384 
1404 
1431 
1469 
1617 
1626 
1675
1713 
1829 
1868 
2269 
2351